time,x,y,z,phi,theta,psi,x_velocity,y_velocity,z_velocity,phi_velocity,theta_velocity,psi_velocity,rotor_speed1,rotor_speed2,rotor_speed3,rotor_speed4
0.06,-1.2986855884228404e-09,5.133971303942445e-08,10.005858047940404,5.4255208906894836e-05,1.4875461715746496e-06,0.0,-1.297081636840899e-07,4.929482721921686e-06,0.19525438381772958,0.0026542087071372905,7.433597695838648e-05,0.0,465.8001677617363,465.8059793426318,466.3831872698947,466.59039025757716
0.12000000000000001,-5.189955165193061e-07,1.9085287696300753e-06,10.01956728971626,3.386611294509123e-05,0.0004241855966400365,0.0,-4.05199047311781e-05,6.448731062529238e-05,0.26170690139052677,-0.007125357562287148,0.018237485257937704,0.0,425.0468748918249,426.60028701572486,426.940200208571,426.10514121975007
0.18,-1.8641015239278064e-05,4.709719914963902e-06,10.042271139001002,6.282841192926124,0.0010376000831726628,0.0,-0.0006786844465097813,-2.0087561127837337e-05,0.49501566744230713,-0.004697363532269527,-0.015024537823451811,0.0,479.257127654397,476.72267000919635,476.7738284137734,476.95937259750707
0.23999999999999996,-7.81673819052924e-05,-5.0430625092599505e-06,10.075901875317205,6.282568818576941,0.00014723975057950867,0.0,-0.0012099822454142489,-0.0003345145191820332,0.6259457976283798,-0.004225826942626707,-0.01447150439103913,0.0,447.1756102250394,447.22075746716524,446.5476434809359,446.58618463609866
0.3,-0.00015055055386230042,-4.140478748694824e-05,10.12076429519793,6.282538028036129,6.282576233464955,0.0,-0.0011029850998837524,-0.000893883712905942,0.8693149006203791,0.006035268793680431,-0.00911208149758265,0.0,480.0555458267977,480.4621201551775,480.7074355604042,481.4842691481998
0.36000000000000004,-0.00020391861705037576,-0.0001061538882093035,10.174526084130866,6.2824747827374186,6.282723019030875,0.0,-0.0006632147114874611,-0.0012441315393179682,0.9227028447579849,-0.02159597899709837,0.018985416181677275,0.0,421.51903858265337,423.93990171741,423.7277935298008,421.3460403333481
0.4200000000000001,-0.00023894882777584543,-0.00019973204180926196,10.23215050475238,6.281182646889929,0.0009237862603592717,0.0,-0.0006296976694977351,-0.002002343243809581,0.9980479173106765,-0.021415119322569103,0.030270723183572396,0.0,429.7839083115879,430.73929094538283,429.496317001213,429.51163089451205
0.48000000000000015,-0.0003015280171486522,-0.0003636762911173372,10.293998700017259,6.28007652948358,0.002825612955645873,0.0,-0.0016364574568760865,-0.0035775995961334142,1.0634991063554784,-0.013058061147988242,0.03440679857118774,0.0,426.9450433884119,427.29814869580207,426.1587843837662,426.8724711299036
0.5400000000000001,-0.0004628702584741596,-0.0006419618905836881,10.359734720580473,6.279403975805465,0.005210508172631023,0.0,-0.003958181348507442,-0.005768552660904016,1.1276391818200175,-0.007746689716612498,0.04872117539007746,0.0,426.4593569933209,427.68100962621304,425.7551182513555,426.20937022184415
0.6000000000000002,-0.0008504331683253654,-0.0010890616986321516,10.435844697498972,6.278562355279746,0.00799112854641404,0.0,-0.009326924527864182,-0.009211865413590925,1.4090540696882763,-0.031152179994477638,0.04110713992184333,0.0,492.75678885018505,492.19470498085565,493.1263110869044,491.39461302573335
0.6600000000000003,-0.0015982656549294203,-0.0017517901433717472,10.524992890967356,6.277161718090003,0.010598482202650139,0.0,-0.015878326310084342,-0.013054055040248907,1.5623519654325033,-0.011084944251523801,0.047780939974878915,0.0,455.9391389555736,456.4729689412253,453.89518252029814,455.50255241150006
0.7200000000000003,-0.0028084446174071573,-0.002677305129447865,10.624209144674206,6.276381974093361,0.013481507666758041,0.0,-0.024786289899367188,-0.017876947284434,1.7445919403667711,-0.01712082451315761,0.048583843248961214,0.0,464.69615491508523,464.7603810352396,464.7719795043373,464.2988370680163
0.7800000000000004,-0.004594921034750814,-0.0038992882149762507,10.732571718456061,6.275198494989837,0.01638595203811999,0.0,-0.035066774727508576,-0.022970276368728046,1.8672958892546372,-0.02551967003614989,0.04805229780079012,0.0,447.26409898937527,447.2222304416256,447.1648213090448,446.4801896921101
0.8400000000000004,-0.007044015060659693,-0.0054455331667350925,10.847347129393706,6.274199836229503,0.019200586259485064,0.0,-0.04685405007149695,-0.028693060074169,1.958392954080694,-0.0030878553075230778,0.044524151577138286,0.0,437.9578027110723,437.6656230197593,436.2941139804731,438.16287565921505
0.9000000000000005,-0.010310098851360179,-0.0073753303829576485,10.970266250613575,6.273883217388299,0.02215017896442184,0.0,-0.06233061143372563,-0.03565869763941345,2.1385843825238697,-0.010060613157333326,0.05710872791591531,0.0,465.0599665094968,466.0459322295375,465.37933340297843,464.8333579975511
0.9600000000000005,-0.014524210578406227,-0.00971087747037496,11.101736605584762,6.273148901377404,0.025250119351150957,0.0,-0.07847371248596752,-0.042259235888437816,2.243551197137168,-0.016995232633672138,0.03761872426148785,0.0,443.90001826410315,442.29950172568783,443.1161117290762,442.5458202901105
1.0200000000000005,-0.019731750106433243,-0.012445124177667171,11.238113384181112,6.27197331704752,0.026963001260865482,0.0,-0.09531223979827404,-0.04898576698424305,2.302217473152179,-0.025373187420915155,-0.004079514274031125,0.0,430.9289481170785,427.3899809800092,428.44059047804456,427.7277241010633
1.0800000000000005,-0.02587833287665531,-0.015566390972093226,11.374478695846673,6.271017502872716,0.02645184736678896,0.0,-0.10954909990940813,-0.05515145350315723,2.2434092579229814,-0.0017112030699181265,-0.019339171558536462,0.0,389.3601325445136,387.92999266047576,387.97549199039236,390.19071282195995
1.1400000000000006,-0.03297936178807799,-0.019120653417078297,11.51153562338282,6.2705785995422225,0.025470981725079334,0.0,-0.12704227530678022,-0.06334557551048245,2.3249939647722737,-0.02192945932958193,-0.010951524427906856,0.0,435.71275192498035,436.41346838815974,436.8152180156707,435.12606152362184
1.2000000000000006,-0.04111523957065307,-0.023181079104089564,11.653609420366243,6.269597107665943,0.024940406639404777,0.0,-0.14409061358137046,-0.07211261654155017,2.410621387943687,-0.0070590181865476664,-0.004928012619020203,0.0,438.14469328231127,438.6452956288027,436.30397969811554,437.54376192799253
1.2600000000000007,-0.050453268155680527,-0.027887440051613897,11.808358239716833,6.269173036928489,0.025233475446693632,0.0,-0.16716553142949406,-0.08481401383570328,2.7469249723675975,-0.007085507158389697,0.019526806715855376,0.0,510.3715122654948,512.1138377002843,512.0043970592525,512.0026302135277
1.3200000000000007,-0.06101640455749464,-0.03327141019087013,11.976446870597178,6.268611427144187,0.026103599225824503,0.0,-0.18504084410519164,-0.09469848434213513,2.855758489774978,-0.014349192672193773,0.0018485800310292537,0.0,447.1331316210766,445.6905236067625,447.86542959110966,447.27437702338875
1.3800000000000008,-0.07257542310979112,-0.0392104238213386,12.147573913265314,6.267709707590768,0.026540899243284954,0.0,-0.20028601203988705,-0.10334488258880054,2.848491107644016,-0.01642338054325768,0.016402882227934477,0.0,408.9543343671847,410.2486161157374,410.069977537714,409.8857644719477
1.4400000000000008,-0.0851609562816015,-0.045743425660230305,12.322063494844535,6.267081760777245,0.027169526613556982,0.0,-0.21931296134193248,-0.1144995862881685,2.9675209055391227,-0.0006293906414549088,-0.005299525659604319,0.0,451.78714701192143,450.033835458982,449.85917482309975,451.1363652856857
1.5000000000000009,-0.09888547521641712,-0.052949071987046716,12.503282823544135,6.267121703987746,0.026967844882494596,0.0,-0.2381379581261691,-0.12568417306008023,3.072844971914297,0.0031378888183506808,0.00025782842877915377,0.0,446.7361073458225,447.1890921029386,447.06678522597934,447.3736250268762
1.560000000000001,-0.11378074560645358,-0.06085048973234124,12.692458771541853,6.267270975502983,0.026806081871622922,0.0,-0.2583529759711586,-0.13767094746294797,3.2325803793110914,0.0011549328485065927,-0.009377997078592446,0.0,464.769481206973,464.0136954795944,464.3566570263715,464.20102411495003
1.620000000000001,-0.12979291534796888,-0.06941464014358735,12.887840701461604,6.267202053434334,0.026172390940949697,0.0,-0.27532737071981406,-0.1477984749155853,3.2800155114642173,-0.006208136858555775,-0.013040315346307285,0.0,430.4822975782146,430.17239558564296,430.433815814309,429.8102465533453
1.680000000000001,-0.14677053901552908,-0.07856405918836727,13.084497409406582,6.266872176061376,0.024832703267635203,0.0,-0.290517339471931,-0.1572130635507982,3.275222198217022,-0.00411408199600519,-0.057010811688284604,0.0,414.8073308862125,410.9272712892742,413.51115361877135,413.6956814495726
1.740000000000001,-0.1647424002903842,-0.08836134601497703,13.285620135889285,6.266853226119565,0.02112328619766224,0.0,-0.30814715825898636,-0.16937000102209485,3.428430859309516,0.006365964026793593,-0.07379032621665887,0.0,464.0104515079798,462.6886025819504,463.266110351118,464.0894574031179
1.8000000000000012,-0.18360528714112248,-0.09882092966754671,13.49191817133906,6.267158426136845,0.01754152345148885,0.0,-0.3202644218730751,-0.17925139179173,3.448120283669501,0.0023966587093526637,-0.04066301444108376,0.0,420.69041206360146,423.5461116182485,422.7810865914177,422.4388489937749
1.8600000000000012,-0.20315274552314055,-0.10988440328273265,13.700378502608979,6.267274014116795,0.015168129309959255,0.0,-0.33108841224271257,-0.18951677180449206,3.5004034618077893,0.0009690262315057983,-0.03743127615887001,0.0,432.60277090862365,432.8739834928134,433.5602992171727,433.44029003910885
1.9200000000000013,-0.22327221922339618,-0.12152658801311253,13.90975633670026,6.267445320536581,0.012846516167357436,0.0,-0.33937178882000635,-0.19854785342052517,3.478927602093498,0.0063832178577621305,-0.04134508268500968,0.0,409.699137465195,409.35010718451554,408.2433933613942,408.7261824422603
1.9800000000000013,-0.2438406500404765,-0.13369644422442045,14.117175564449353,6.267736383761637,0.010473241718861104,0.0,-0.3460503428490447,-0.20708941622904684,3.435184022639309,0.0015955711260292127,-0.03619546008110575,0.0,400.83380325536075,401.3005629057606,401.48888467388696,401.05415996789105
2.0400000000000014,-0.26483523368910794,-0.1464699437234228,14.328201754989932,6.268624457928873,0.007818825292155829,0.0,-0.3535076265483753,-0.21862308749424333,3.5985275331882716,0.03299585259109693,-0.06964856445072869,0.0,469.7472477093511,467.14451725702867,465.2099152118165,467.6621710973236
2.1000000000000014,-0.28618054657944125,-0.1598514881902754,14.544978567597202,6.270499151201669,0.0033083848951838135,0.0,-0.35761050551425566,-0.22725179626751343,3.6272854229793157,0.02749112891009294,-0.08950162197854646,0.0,427.35161571345793,425.65100526143544,426.61593275411207,426.1460060151824
2.1600000000000015,-0.30768556215658044,-0.17371908965061042,14.763623623647907,6.272126925698956,6.281372479281099,0.0,-0.35874361234261665,-0.2348503404546129,3.660785576070458,0.02639659376757003,-0.07813850257736472,0.0,427.40667448519133,428.3677238987359,428.4969485024724,428.4040879919949
2.2200000000000015,-0.3291667116492595,-0.1880086431110303,14.983901796672377,6.273554679628788,6.276769798683887,0.0,-0.35687782444132415,-0.24133188758817561,3.6817592452983257,0.018008903031557413,-0.07400130018118903,0.0,424.79625026577,425.1459365328361,423.9532357935079,423.2319857744023
2.2800000000000016,-0.35044208917718733,-0.2026765827579997,15.206930242076966,6.2749086017346,6.27221355257133,0.0,-0.3518661817903063,-0.24747809199081364,3.7522973889910367,0.030398292991955456,-0.08011922671024901,0.0,440.9750074512595,440.4646981500975,439.62138640472506,440.6468640454672
2.3400000000000016,-0.37133120355768895,-0.2176805900514229,15.433724399385222,6.276392785885363,6.267120763661961,0.0,-0.3439718898952765,-0.25249402719412,3.8073290541713964,0.009919335092745587,-0.09667871746945107,0.0,436.6282733248399,435.2382506983976,436.8574296827338,435.1464635070029
2.4000000000000017,-0.39165521115810914,-0.23295761220325303,15.663252880107002,6.2769836569568955,6.261620318242313,0.0,-0.33297737239379843,-0.25668492272966786,3.8434981745118697,0.00970449826466564,-0.08318805869628641,0.0,429.42945594620426,430.56489797880647,430.5642669347059,430.5459688802615
2.4600000000000017,-0.41119220020807357,-0.2484823655331069,15.896165883021121,6.277778048700036,6.256903728621676,0.0,-0.31778540604470346,-0.26073726839563277,3.9200056578167994,0.019509322659287672,-0.07074805102634041,0.0,443.1160019655347,444.1325158753831,442.8591746584439,443.6648664338999
2.520000000000002,-0.42966718009475285,-0.2642438001333239,16.135848684259607,6.279038114129552,6.2527564978610926,0.0,-0.29760332775339726,-0.2645090903268706,4.068898178075241,0.023828878178177672,-0.06605092301729001,0.0,467.23662197419026,467.5993278631475,464.87649700023917,465.2148368894058
2.580000000000002,-0.4468681618638078,-0.28019933879968245,16.38357155571969,6.280493068073644,6.2485416123192685,0.0,-0.2753489651584671,-0.2671901802956985,4.188095448021925,0.025076861667414206,-0.08033843771331174,0.0,459.664970743501,458.52757209005546,457.50533096948845,457.6047511360289
2.640000000000002,-0.46266082384929325,-0.29628345030264647,16.637889025274152,6.281874962240218,6.243281686340083,0.0,-0.2505788858617128,-0.26879908013401577,4.288770679000006,0.018590891978125437,-0.10929136216152899,0.0,453.8503495486717,451.51367183361856,454.67712137053485,454.1571835851874
2.700000000000002,-0.4769759259700155,-0.3124337558814408,16.89523589573325,6.28262390523774,6.2371725448207815,0.0,-0.22604133556258357,-0.2694598577047897,4.2894401220510945,-0.003979819259157155,-0.08998963272679765,0.0,421.67315849164817,423.3276524231757,423.33546010596257,421.38855791904786
2.760000000000002,-0.48974622571491183,-0.32861317416545316,17.151943897026143,0.0002792381793863541,6.23216749781743,0.0,-0.19919566893176047,-0.2698176833409088,4.2675580074193045,0.03640232244612117,-0.07275574678916524,0.0,414.32878953486465,415.8349863525439,413.0136476070485,416.56043406860505
2.820000000000002,-0.5003748015369286,-0.3447878357466367,17.415992563436234,0.002314086057054965,6.228170576577314,0.0,-0.15461477873094692,-0.2690721260253295,4.533029426541353,0.028405957790656983,-0.05653308164955631,0.0,501.5997601438327,502.77372414429306,503.1223602107913,502.5433599601206
2.880000000000002,-0.5086388436939522,-0.3608869574389083,17.68861954276842,0.004306955852364958,6.224310699627582,0.0,-0.12053537644383522,-0.26739802146566066,4.554433583102528,0.041418735692816816,-0.0883561770360243,0.0,432.65621892867745,429.9646439896267,430.94245409591025,432.04158681555253
2.940000000000002,-0.5147671050213004,-0.37684579014300135,17.962747444749336,0.006958932311150967,6.218907531114446,0.0,-0.08325595002920078,-0.2643295281052921,4.583021007198083,0.04924886019094943,-0.09367971355624137,0.0,434.29406890882154,433.84025610915205,433.5275624665147,434.18621106903737
3.000000000000002,-0.5187747041530757,-0.39259518365957896,18.235257773063882,0.009851480850324279,6.213261353501711,0.0,-0.04988433969888738,-0.26042949202030896,4.500954496963227,0.04604489334133036,-0.09496252344474931,0.0,397.5720719692234,397.4458495204723,396.5325925895128,396.2398402879112
3.0600000000000023,-0.5206708948186812,-0.40806404447740724,18.50315767410253,0.012701055696563657,6.207519587470017,0.0,-0.012861597977950284,-0.2549823270775626,4.429287498677067,0.05024127012273706,-0.09720397717760741,0.0,399.9014062101453,399.68822780615756,399.85993644784253,400.24372258526347
3.1200000000000023,-0.5199219213507364,-0.42310381134745606,18.77109553389486,0.015806922743871077,6.201861214757308,0.0,0.03837003437483071,-0.24604867842556122,4.501642727991222,0.054647912972998876,-0.08906655568504375,0.0,447.3461451684616,448.0008355408655,446.34414992085806,446.7053821685068
3.1800000000000024,-0.5158999535997417,-0.4375279611709424,19.044429868282673,0.01885360340118769,6.196422870570601,0.0,0.09621840030894374,-0.23443744377804374,4.609018681181297,0.04162878790414422,-0.09398320634330924,0.0,458.7423337277679,458.3450945509571,459.271133654286,458.23878994968356
3.2400000000000024,-0.5082693413490479,-0.4511894079746355,19.32446512891142,0.02168430521157827,6.19018417185703,0.0,0.15868674381127632,-0.22067481600872796,4.724951857510603,0.05644502659780698,-0.15154088528634718,0.0,463.86710563847186,459.31328721257444,462.3398764564949,463.50707521891934
3.3000000000000025,-0.49664376302153157,-0.4639388208967239,19.612490393830495,0.02531209703904569,6.1807846202716075,0.0,0.22978180682109273,-0.20393788601784363,4.875148954149476,0.06748131954680994,-0.1695969054496651,0.0,473.86984477692624,472.4577446049719,473.7831992412524,474.63336787349476
3.3600000000000025,-0.48080872620624276,-0.475668653948962,19.90693392898203,0.02946599830063601,6.170882039686372,0.0,0.29899336329359644,-0.18667082587150735,4.939234976048887,0.0725191707488747,-0.1572226372529333,0.0,449.0286646020639,450.0057316994468,448.1816180362658,448.59452351585605
3.4200000000000026,-0.46106934211038003,-0.4863971222539535,20.2013584895938,0.03380327310255993,6.161611348658868,0.0,0.35974447491155587,-0.17060243118464394,4.875078595855278,0.07182160183194086,-0.14958230998776256,0.0,406.0445894029433,406.70450134911937,408.90356075016695,408.84593796248186
3.4800000000000026,-0.4368032218159555,-0.49588805955343956,20.49786914444181,0.03786737653315431,6.153507162929996,0.0,0.4499566939374374,-0.14533819594432232,5.007880475542343,0.05796701994189165,-0.11565981857031091,0.0,469.0455833526163,471.6563947401408,471.402073053731,470.3332588465087
3.5400000000000027,-0.407293501453949,-0.5038781100272754,20.799754730108763,0.041300456053928514,6.146271407254764,0.0,0.5343365355191151,-0.1206838357248853,5.054626920709279,0.0556768641381844,-0.13294719402231758,0.0,445.39905670615195,443.9694060999254,446.5229258948555,446.33826524614676
3.6000000000000028,-0.37227551563512407,-0.510233195738801,21.10660075350112,0.04466404689838743,6.138512482334354,0.0,0.633674859656423,-0.09082970352516344,5.172867565514842,0.056814719775884016,-0.12290014185799106,0.0,468.08476315860617,468.85165417487707,468.3706561558095,468.4611101842662
3.660000000000003,-0.3307850341189883,-0.5146187217235754,21.422889580298637,0.04784861879519564,6.131507052250864,0.0,0.7500346299414885,-0.055018276989870815,5.368990212508533,0.044296302840571365,-0.10667520167637792,0.0,491.63188792256597,492.8218159669287,493.8720653385112,492.9492760167187
3.720000000000003,-0.28334912223339864,-0.5171600267962592,21.743155073723244,0.050592368018731904,6.125726772551154,0.0,0.8316700798372013,-0.029471938980153885,5.306670955382246,0.04845018636469694,-0.08111943835388902,0.0,414.0162266558913,416.2500366706551,413.15447032000554,413.5220064918034
3.780000000000003,-0.23019432156979777,-0.5178900838376027,22.064252645268915,0.053044674723770946,6.121123652996033,0.0,0.9405515781724825,0.005385884709579876,5.39599499785879,0.017986074707873417,-0.06912142974983432,0.0,462.0735705581238,463.0141250291793,464.7447828379947,462.3511900540869
3.840000000000003,-0.17080242174177546,-0.5166109604731481,22.388340212690636,0.05460947882851297,6.11683093410711,0.0,1.039528688407768,0.03736425453015917,5.406721949260168,0.03869310561498633,-0.07689365234037425,0.0,440.5705661867179,439.92335001662553,437.89160049786193,439.6112180634529
3.900000000000003,-0.1050012632501635,-0.5132538103168804,22.715378147939937,0.05671128368387546,6.112087444707051,0.0,1.1542207057434304,0.07473274335648497,5.493939666008377,0.02645834446520873,-0.08377949281861233,0.0,464.05710837003966,463.51145357557675,464.7954093999731,463.83586568352905
3.960000000000003,-0.0315813866683925,-0.5074048990690815,23.0513153973525,0.05810442804783733,6.10763806096047,0.0,1.293457788981142,0.1203397027110726,5.702723556426389,0.015793410442329604,-0.05973656897166092,0.0,500.51138866946974,502.25457269363,501.3266204430102,500.5509696890084
4.020000000000002,0.04971162517135414,-0.4989792716373737,23.396504975750034,0.0591966549960663,6.104162107821919,0.0,1.4165483150304428,0.1605811169966575,5.802902757229574,0.022634263678263083,-0.05455012680028337,0.0,471.71045506073864,472.1087499548764,471.30436338344464,471.83280219572333
4.080000000000001,0.13848600167600905,-0.48810663703113427,23.7478409131412,0.060365326390759755,6.100732021824987,0.0,1.542807270614381,0.20192925717706225,5.907560843402246,0.012270471373272284,-0.06299619031517785,0.0,474.77332267403705,474.1226992215279,474.9397731543628,474.14402064864845
4.14,0.23495212061009035,-0.4747161561420508,24.10569022111382,0.061379584935040477,6.097306483430684,0.0,1.6729512284390224,0.2444658105401158,6.019948312156103,0.024852386062454882,-0.04733327182991686,0.0,476.92920928600887,478.1221653867953,478.59874701898144,479.5554960301279
4.199999999999998,0.33866849136062266,-0.4589533427542025,24.466968003776547,0.06324510516888093,6.094613832130928,0.0,1.7844561889159363,0.2810999808232532,6.022449995189274,0.04131172976514593,-0.04037134631843805,0.0,445.96515371117636,446.53241104337786,444.91367376163106,446.25984091796096
4.259999999999997,0.44977844392546373,-0.4407368293028133,24.83183498266212,0.06537782362905098,6.092312616149037,0.0,1.9192818917402994,0.3263100385719409,6.138946066097982,0.020355722160262466,-0.03459690741955288,0.0,482.1731499007422,482.6086843438052,481.45586489844186,479.86783643455595
4.319999999999996,0.5686661039155679,-0.41988780269787573,25.201855380711844,0.06634313258031899,6.089988829990604,0.0,2.043731873189042,0.36873211513016196,6.19457025089474,0.005785235431223886,-0.048635477111508806,0.0,465.28907765429955,464.1877680070402,465.37467160180415,464.23243825445604
4.379999999999995,0.6949386868080221,-0.39651998820786216,25.574575209235586,0.06626584693059545,6.087476372547705,0.0,2.1655031892930463,0.41018788273416806,6.229033413663995,-0.021757256777002597,-0.030959061821805224,0.0,458.5512190174143,459.95262442846547,460.32713902109685,458.1419914205868
4.439999999999993,0.8282360871314094,-0.3707781533490976,25.947755964716983,0.06512086045604004,6.085629576656272,0.0,2.2778540853153455,0.4477656268953308,6.210265302195753,-0.014209886260901146,-0.03042411966924577,0.0,443.2191138312406,443.26276746328665,442.66282628613135,443.2836549454265
4.499999999999992,0.9685060190754323,-0.3427330166386564,26.320842711290915,0.06395453068183699,6.08404894666544,0.0,2.3978712146461114,0.48696639262247543,6.225702009342511,-0.03276465950680379,-0.019228781443896326,0.0,452.749482915282,453.64939028422936,455.9020536837361,454.41676023351187
4.559999999999991,1.116089768116909,-0.3123308817939343,26.69533016264465,0.061673847129233295,6.083823082668641,0.0,2.5215242189479703,0.5262228387368801,6.256896409050395,-0.05139378673461989,0.01651695903227101,0.0,458.67905131425147,461.5098105144532,459.9234844481302,458.444579174465
4.6199999999999894,1.270582555817076,-0.27977006568453805,27.069235815419134,0.05896689133356947,6.0847522180497755,0.0,2.6281303326664807,0.5589163625102385,6.206824145515355,-0.034845690322279375,0.01333877048482209,0.0,433.96007345757306,433.69305083031924,433.77494607834836,435.1614250770489
4.679999999999988,1.4316642484311624,-0.24522516621884988,27.44123527670361,0.05690679845614266,6.085278384319331,0.0,2.741126119612979,0.5923979009260651,6.193139292227025,-0.03333255555942401,-0.0024457232267461916,0.0,445.40143225853257,444.1082178583431,446.3781434632261,446.5011539632775
4.739999999999987,1.5992992634885907,-0.20876573617731442,27.811387726198788,0.05476157533771975,6.084934180041966,0.0,2.846689003996783,0.6227544218697678,6.1454335735124825,-0.04109729940933465,-0.01330103615422237,0.0,434.8110367162899,433.9005250911185,435.1054910243349,434.4541685826199
4.799999999999986,1.773986761555216,-0.1703263371094708,28.18228163290613,0.05198829078695155,6.084394404695075,0.0,2.9761111522459247,0.6582694604906991,6.217153597609933,-0.059195206375555726,-0.0015393777666413986,0.0,471.86405827385073,472.7714778117052,472.48545972026733,471.08658793657725
4.859999999999984,1.9569670316935348,-0.12968026475054362,28.560127828229156,0.048445380320633724,6.084370856938786,0.0,3.1229437795203454,0.6961448304757188,6.37667310457431,-0.058756836057028375,0.001808200124735687,0.0,499.21348227435936,499.4577495646134,498.74473871986146,498.7747388378486
4.919999999999983,2.1481506297348263,-0.08698232951452697,28.944625945028413,0.04518436616531041,6.084852679449851,0.0,3.249626915143621,0.7267622368172764,6.439457869885164,-0.04674293171380496,0.01822827963001673,0.0,472.02122874718697,473.28690784565543,471.9345096259039,472.85930995427117
4.979999999999982,2.346482974300275,-0.04260375049526287,29.33079809606109,0.042728753806200004,6.085801140451572,0.0,3.3612559431180546,0.7522889054890343,6.432911475998537,-0.03128803037011341,0.010464396289315107,0.0,452.58549531659145,451.9599173020683,451.0046458034221,452.25060383760143
5.0399999999999805,2.551905751952058,0.003355320424244406,29.71871680773382,0.040802020701803166,6.086434024370215,0.0,3.4859120970917,0.7794682887809554,6.497229419492833,-0.033813427256582554,0.010714881514740265,0.0,474.157537618821,474.1766523248994,473.9334251504111,473.73892565900957
